Start time,  21/03/2017 13:00:00,1490054400000
End time,  23/03/2017 03:51:17,1490194277000
Duration,  1 day, 14 hours, 51 minutes, 17 seconds,139877000
Slew time, 0 day, 1 hour, 25 minutes, 7 seconds,5107000.0
Integration time, 1 day, 6 hours, 19 minutes, 10 seconds,1.0915E8
Waiting time, 0 day, 7 hours, 7 minutes, 0 second,2.562E7
Relative slew time, 0.03651064864130629
Relative integration time, 0.7803284314075938
Relative waiting time, 0.1831609199510999
Start, End, Name, RA, DEC, Slew (to here), Expected Int, Actual Int, This Int, Wait time, Scint timescale, Attempt no, # sats cons, Obs result, Interruption, Comment 
21/03/2017 13:00:00,21/03/2017 13:06:18,J1916+1225,5.045459251799288,0.21697322395555305,58.0,289,320.0,320.0,0,20,1,0,3,0,Completed incrementally checking scint every 20 seconds.
21/03/2017 13:06:18,21/03/2017 13:12:26,J1933+0758,5.119589348339765,0.1390785491812607,5.0,395,363.0,363.0,0,1800,1,0,1,0,Completed: Shortened interval; scintillation of 1.0879350446828515
21/03/2017 13:12:26,21/03/2017 13:16:07,J1857+0526,4.962251479653032,0.09496869755150368,11.0,370,210.0,210.0,0,1800,1,0,1,0,Completed: Shortened interval; scintillation of 1.7636664576529206
21/03/2017 13:16:07,21/03/2017 13:21:12,J1823-1126,4.8141896723303885,-0.19952991859744063,22.0,192,283.0,283.0,0,60,1,0,3,0,Completed incrementally checking scint every 60 seconds.
21/03/2017 13:21:12,21/03/2017 13:22:26,J1821-1432,4.8069114311834165,-0.2533965970781589,4.0,189,70.0,70.0,0,180,1,0,1,0,Completed: Shortened interval; scintillation of 2.6865261597676873
21/03/2017 13:22:26,21/03/2017 13:28:58,J1808-0813,4.74798147982061,-0.14339916022594076,6.0,280,386.0,386.0,0,60,1,0,3,0,Completed incrementally checking scint every 60 seconds.
21/03/2017 13:28:58,21/03/2017 13:35:49,B1740-13,4.640948436221535,-0.241543872202393,9.0,402,402.0,402.0,0,1800,1,0,2,0,Completed: Nominal time; scintillation good.
21/03/2017 13:35:49,21/03/2017 13:40:23,J1633-2009,4.336801397560727,-0.3519310992542233,15.0,182,259.0,259.0,0,20,1,0,3,0,Completed incrementally checking scint every 20 seconds.
21/03/2017 13:40:23,21/03/2017 13:43:25,J1730-2304,4.583064899920645,-0.4024380674062206,11.0,399,171.0,171.0,0,1800,1,0,1,0,Completed: Shortened interval; scintillation of 2.328391808230246
21/03/2017 13:43:25,21/03/2017 13:47:28,B1747-46,4.676190342643962,-0.8193118500184227,24.0,231,219.0,219.0,0,600,1,0,1,0,Completed: Shortened interval; scintillation of 1.05244533587568
21/03/2017 13:47:28,21/03/2017 13:51:34,J1702-3932,4.460360527514622,-0.6897929054826477,11.0,288,235.0,235.0,0,20,1,0,3,0,Completed incrementally checking scint every 20 seconds.
21/03/2017 13:51:34,21/03/2017 13:57:03,B1943-29,5.178663434809965,-0.5096986825472073,28.0,326,301.0,301.0,0,20,1,0,3,0,Completed incrementally checking scint every 20 seconds.
21/03/2017 13:57:03,21/03/2017 13:59:44,J1852-2610,4.943606345420133,-0.45663291626768204,13.0,85,148.0,148.0,0,20,1,0,3,0,Completed incrementally checking scint every 20 seconds.
21/03/2017 13:59:44,21/03/2017 14:02:45,B1814-23,4.786565473594449,-0.4046254982540187,9.0,216,172.0,172.0,0,1800,1,0,1,0,Completed: Shortened interval; scintillation of 1.2575339634897624
21/03/2017 14:02:45,21/03/2017 14:04:53,J1811-1736,4.7643877202334615,-0.3069951735932237,4.0,167,124.0,124.0,0,600,1,0,1,0,Completed: Shortened interval; scintillation of 1.349632626605115
21/03/2017 14:04:53,21/03/2017 14:09:10,J1840-1122,4.88867203449156,-0.1983338832461434,9.0,261,248.0,248.0,0,20,1,0,3,0,Completed incrementally checking scint every 20 seconds.
21/03/2017 14:09:10,21/03/2017 14:11:19,J1839-0436,4.882563236665475,-0.08000637772510116,5.0,196,124.0,124.0,0,1800,1,0,1,0,Completed: Shortened interval; scintillation of 1.5836925124910703
21/03/2017 14:11:19,21/03/2017 14:13:40,J1811-0154,4.761831249211602,-0.033011448360429414,7.0,257,134.0,134.0,0,180,1,0,3,0,Completed incrementally checking scint every 180 seconds.
21/03/2017 14:13:40,21/03/2017 14:14:26,J1800-0125,4.713994683296525,-0.02457714475016682,3.0,85,43.0,43.0,0,600,1,0,1,0,Completed: Shortened interval; scintillation of 1.9813782003358598
21/03/2017 14:14:26,21/03/2017 14:23:10,J1736+05,4.611596216082018,0.10122909661567112,9.0,455,515.0,515.0,0,60,1,0,3,0,Completed incrementally checking scint every 60 seconds.
21/03/2017 14:23:10,21/03/2017 14:28:29,B1848+12,4.935879481933347,0.22677300529866065,15.0,364,304.0,304.0,0,20,1,0,3,0,Completed incrementally checking scint every 20 seconds.
21/03/2017 14:28:29,21/03/2017 14:29:15,J1853+03,4.943645106273938,0.05235987755982989,8.0,50,38.0,38.0,0,1800,1,0,1,0,Completed: Shortened interval; scintillation of 1.31729885160598
21/03/2017 14:29:15,21/03/2017 14:36:46,B1830-08,4.8593093423765295,-0.14732881751817412,13.0,472,438.0,438.0,0,1800,1,0,1,0,Completed: Shortened interval; scintillation of 1.0776129930600682
21/03/2017 14:36:46,21/03/2017 14:41:55,J1813-1246,4.770840784254502,-0.2222424699300602,7.0,211,302.0,302.0,0,20,1,0,3,0,Completed incrementally checking scint every 20 seconds.
21/03/2017 14:41:55,21/03/2017 14:50:03,J1822-1617,4.8110437163536695,-0.2840280950780217,2.0,486,486.0,486.0,0,5400,1,0,2,0,Completed: Nominal time; scintillation good.
21/03/2017 14:50:03,21/03/2017 14:55:22,B1829-08,4.854707490915438,-0.14746267457552845,7.0,182,312.0,312.0,0,60,1,0,3,0,Completed incrementally checking scint every 60 seconds.
21/03/2017 14:55:22,21/03/2017 15:01:11,J1731-3123,4.585891152302748,-0.5475340270346767,28.0,298,321.0,321.0,0,20,1,0,3,0,Completed incrementally checking scint every 20 seconds.
21/03/2017 15:01:11,21/03/2017 15:06:07,J1546-5302,4.128241824152621,-0.9254947728276709,29.0,262,267.0,267.0,0,180,1,0,3,0,Completed incrementally checking scint every 180 seconds.
21/03/2017 15:06:07,21/03/2017 15:11:42,J1715-3247,4.517745498879152,-0.5720316623411414,25.0,367,310.0,310.0,0,5400,1,0,1,0,Completed: Shortened interval; scintillation of 1.1827017174391796
21/03/2017 15:11:42,21/03/2017 15:20:23,J1502-5653,3.9398909090989926,-0.9926113607317447,34.0,327,487.0,487.0,0,60,1,0,3,0,Completed incrementally checking scint every 60 seconds.
21/03/2017 15:20:23,21/03/2017 15:24:07,J1435-5954,3.8179339186763754,-1.0452136936134975,5.0,189,219.0,219.0,0,60,1,0,3,0,Completed incrementally checking scint every 60 seconds.
21/03/2017 15:24:07,21/03/2017 15:28:35,B1659-60,4.469119171477547,-1.0515899631474501,12.0,346,256.0,256.0,0,1800,1,0,1,0,Completed: Shortened interval; scintillation of 1.3522940708524411
21/03/2017 15:28:35,21/03/2017 15:36:03,J1548-4821,4.138121842159952,-0.8436257409397468,16.0,432,432.0,432.0,0,5400,1,0,2,0,Completed: Nominal time; scintillation good.
21/03/2017 15:36:03,21/03/2017 15:41:16,J1454-5846,3.901604130352358,-1.025503399482517,13.0,50,incomplete,300.0,0,60,2,0,4,0,Aborted: Scintillation too low within first five minutes.
21/03/2017 15:41:16,21/03/2017 15:55:24,J0456-7031,1.2917254516062198,-1.2307160131617148,41.0,374,807.0,807.0,0,180,1,0,3,0,Completed incrementally checking scint every 180 seconds.
21/03/2017 15:55:24,21/03/2017 16:02:27,J0721-2038,1.9273456181553335,-0.3600853696341402,44.0,364,379.0,379.0,0,20,1,0,3,0,Completed incrementally checking scint every 20 seconds.
21/03/2017 16:02:27,21/03/2017 16:12:37,J0735-62,1.9869119092912113,-1.098975652339096,38.0,327,572.0,572.0,0,60,1,0,3,0,Completed incrementally checking scint every 60 seconds.
21/03/2017 16:12:37,21/03/2017 16:17:37,J0702-4956,1.8441803375041583,-0.8713352668835623,15.0,311,285.0,285.0,0,5400,1,0,1,0,Completed: Shortened interval; scintillation of 1.0895875728678632
21/03/2017 16:17:37,21/03/2017 16:19:48,J0855-4644,2.337008958389797,-0.8155855720654147,16.0,196,115.0,115.0,0,180,1,0,1,0,Completed: Shortened interval; scintillation of 1.7045887370510482
21/03/2017 16:19:48,21/03/2017 16:25:33,J0955-61,2.596177262341565,-1.0786134777324956,16.0,311,329.0,329.0,0,60,1,0,3,0,Completed incrementally checking scint every 60 seconds.
21/03/2017 16:25:33,21/03/2017 16:30:31,J0348+0432,0.9980111912712586,0.0791771427086578,106.0,352,192.0,192.0,0,600,1,0,1,0,Completed: Shortened interval; scintillation of 1.8314805578519489
21/03/2017 16:30:31,21/03/2017 16:45:44,J0533+0402,1.4548642856722165,0.07039737056551017,19.0,659,894.0,894.0,0,20,1,0,3,0,Completed incrementally checking scint every 20 seconds.
21/03/2017 16:45:44,21/03/2017 16:57:28,B0953-52,2.5983225628804747,-0.9261070925069123,78.0,592,626.0,626.0,0,20,1,0,3,0,Completed incrementally checking scint every 20 seconds.
21/03/2017 16:57:28,21/03/2017 17:01:56,J0922-52,2.4521875990520328,-0.9075712110370514,5.0,382,263.0,263.0,0,180,1,0,3,0,Completed incrementally checking scint every 180 seconds.
21/03/2017 17:01:56,21/03/2017 17:06:27,B0833-45,2.2486103217937075,-0.7881379662280048,10.0,261,261.0,261.0,0,1800,1,0,2,0,Completed: Nominal time; scintillation good.
21/03/2017 17:06:27,21/03/2017 17:10:04,J0532-6639,1.4529509684797177,-1.163081110951167,28.0,189,189.0,189.0,0,180,1,0,2,0,Completed: Nominal time; scintillation good.
21/03/2017 17:10:04,21/03/2017 17:12:33,J0919-6040,2.441124393255954,-1.0585887334479473,24.0,82,125.0,125.0,0,60,1,0,3,0,Completed incrementally checking scint every 60 seconds.
21/03/2017 17:12:33,21/03/2017 17:20:51,J1210-5559,3.1856613445380235,-0.9770744882118594,17.0,510,481.0,481.0,0,60,1,0,3,0,Completed incrementally checking scint every 60 seconds.
21/03/2017 17:20:51,21/03/2017 17:29:00,J1309-6415,3.4438691356247775,-1.1210880043345022,8.0,549,481.0,481.0,0,180,1,0,3,0,Completed incrementally checking scint every 180 seconds.
21/03/2017 17:29:00,21/03/2017 17:35:59,J1222-5738,3.2413891257777854,-1.0057944628298434,8.0,517,411.0,411.0,0,600,1,0,1,0,Completed: Shortened interval; scintillation of 1.2592532007185118
21/03/2017 17:35:59,21/03/2017 17:37:32,J1211-6324,3.1913476272410213,-1.1063196099805435,6.0,128,87.0,87.0,0,1800,1,0,1,0,Completed: Shortened interval; scintillation of 1.4765042520400724
21/03/2017 17:37:32,21/03/2017 17:49:26,J1305-6203,3.4267285479291503,-1.0828720811073618,5.0,768,709.0,709.0,0,180,1,0,3,0,Completed incrementally checking scint every 180 seconds.
21/03/2017 17:49:26,21/03/2017 18:00:23,J1112-6103,2.933230156943058,-1.065372731287713,13.0,644,644.0,644.0,0,1800,1,0,2,0,Completed: Nominal time; scintillation good.
21/03/2017 18:00:23,21/03/2017 18:02:27,J1148-6415,3.0919816696018545,-1.1212140558915904,4.0,178,120.0,120.0,0,1800,1,0,1,0,Completed: Shortened interval; scintillation of 1.4870327321462011
21/03/2017 18:02:27,21/03/2017 18:10:52,J0519+44,1.3919000784654778,0.767944870877505,135.0,613,incomplete,370.0,0,20,1,0,3,2,Aborted: Checked scintillation repeatedly; interrupted by satellite GPS BIIRM-5 (PRN 29)
21/03/2017 18:10:52,21/03/2017 18:18:55,J0647+0913,1.7770127956822,0.1611496435324042,36.0,276,447.0,447.0,0,180,1,0,3,0,Completed incrementally checking scint every 180 seconds.
21/03/2017 18:18:55,21/03/2017 18:23:26,J0519+44,1.3919000784654778,0.767944870877505,39.0,613,602.0,232.0,0,20,2,0,3,0,Completed incrementally checking scint every 20 seconds.
21/03/2017 18:23:26,21/03/2017 18:45:07,J0923-31,2.4607688012076716,-0.5576326960121882,95.0,640,1206.0,1206.0,0,60,1,0,3,0,Completed incrementally checking scint every 60 seconds.
21/03/2017 18:45:07,21/03/2017 18:49:13,B0626+24,1.6977492494792945,0.42345226793254537,76.0,170,170.0,170.0,0,1800,1,0,2,0,Completed: Nominal time; scintillation good.
21/03/2017 18:49:13,21/03/2017 18:53:52,J0843+0719,2.2844774567868544,0.12764077633515641,34.0,395,245.0,245.0,0,600,1,0,1,0,Completed: Shortened interval; scintillation of 1.6098943070482956
21/03/2017 18:53:52,21/03/2017 19:32:40,J0329+1654,0.9125563077130601,0.29497033986066384,80.0,1436,2248.0,2248.0,0,600,1,0,3,0,Completed incrementally checking scint every 600 seconds.
21/03/2017 19:32:40,21/03/2017 19:50:58,J2241-5236,5.941538451459661,-0.9178675579448986,132.0,1039,966.0,966.0,0,600,1,0,3,0,Completed incrementally checking scint every 600 seconds.
21/03/2017 19:50:58,21/03/2017 20:11:01,B0021-72M,0.10431888935150277,-1.257942465905536,22.0,1181,1181.0,1181.0,0,5400,1,0,2,0,Completed: Nominal time; scintillation good.
21/03/2017 20:11:01,21/03/2017 20:40:09,B0840-48,2.2780451912727337,-0.8524924983535592,72.0,1396,1676.0,1676.0,0,20,1,0,3,0,Completed incrementally checking scint every 20 seconds.
21/03/2017 20:40:09,21/03/2017 20:46:11,B0919+06,2.453207307667511,0.1158864686366557,62.0,72,incomplete,300.0,0,60,1,0,4,0,Aborted: Scintillation too low within first five minutes.
21/03/2017 20:46:11,21/03/2017 21:19:05,B0943+10,2.5574600417681577,0.1721815788460517,5.0,769,1969.0,1969.0,0,20,1,0,3,0,Completed incrementally checking scint every 20 seconds.
21/03/2017 21:19:05,21/03/2017 21:28:26,J0943+41,2.543817384781735,0.7182029871956666,28.0,455,533.0,533.0,0,20,1,0,3,0,Completed incrementally checking scint every 20 seconds.
21/03/2017 21:28:26,21/03/2017 21:31:23,J0244+14,0.719293817978163,0.2522000769131806,93.0,178,384.0,84.0,0,5400,2,0,1,0,Completed: Shortened interval; scintillation of 2.11174785719978
21/03/2017 21:31:23,21/03/2017 21:36:10,B0021-72I,0.10529665915949607,-1.2576082935314208,102.0,253,185.0,185.0,0,180,1,0,3,0,Completed incrementally checking scint every 180 seconds.
21/03/2017 21:36:10,21/03/2017 21:37:35,J1542-5034,4.113557132880706,-0.8825480377002638,45.0,842,incomplete,40.0,0,1800,1,0,1,2,Aborted: High scintillation; interrupted by satellite IRIDIUM 26 [-]
21/03/2017 21:37:35,21/03/2017 21:39:58,B0919+06,2.453207307667511,0.1158864686366557,100.0,72,343.0,43.0,0,60,2,0,1,0,Completed: Shortened interval; scintillation of 1.671733887081532
21/03/2017 21:39:58,21/03/2017 21:48:50,J1142+0119,3.0630528372500483,0.022980168484592004,27.0,346,505.0,505.0,0,60,1,0,3,0,Completed incrementally checking scint every 60 seconds.
21/03/2017 21:48:50,21/03/2017 21:52:18,J1231-1411,3.2776783897399233,-0.24733434136546098,18.0,829,incomplete,190.0,0,180,1,0,3,2,Aborted: Checked scintillation repeatedly; interrupted by satellite COSMOS 2456 (730)
21/03/2017 21:52:18,21/03/2017 21:55:47,J1431-4715,3.803699136924599,-0.8245343890428916,41.0,189,168.0,168.0,0,60,1,0,3,0,Completed incrementally checking scint every 60 seconds.
21/03/2017 21:55:47,21/03/2017 22:03:00,J1542-5034,4.113557132880706,-0.8825480377002638,10.0,842,463.0,423.0,0,1800,2,0,1,0,Completed: Shortened interval; scintillation of 1.880958605873188
21/03/2017 22:03:00,21/03/2017 22:22:40,J1539-6322,4.098956653745199,-1.1056990484687232,10.0,1643,incomplete,1170.0,0,180,1,0,3,2,Aborted: Checked scintillation repeatedly; interrupted by satellite IRIDIUM 3 [+]
21/03/2017 22:22:40,21/03/2017 22:28:39,J1541-5535,4.109494079104115,-0.9701073277633705,6.0,659,353.0,353.0,0,5400,1,0,1,0,Completed: Shortened interval; scintillation of 1.8661152083833217
21/03/2017 22:28:39,21/03/2017 22:52:57,J1535-4415,4.083773743693892,-0.7722674696582776,9.0,1150,1449.0,1449.0,0,600,1,0,3,0,Completed incrementally checking scint every 600 seconds.
21/03/2017 22:52:57,21/03/2017 23:00:01,J1400-1438,3.667397816250821,-0.2553300340384238,39.0,395,385.0,385.0,0,20,1,0,3,0,Completed incrementally checking scint every 20 seconds.
21/03/2017 23:00:01,21/03/2017 23:10:09,J1231-1411,3.2776783897399233,-0.24733434136546098,19.0,829,779.0,589.0,0,180,2,0,3,0,Completed incrementally checking scint every 180 seconds.
21/03/2017 23:10:09,21/03/2017 23:33:10,J1124-5916,2.9873491809447947,-1.034306355415895,52.0,1643,1329.0,1329.0,0,180,1,0,3,0,Completed incrementally checking scint every 180 seconds.
21/03/2017 23:33:10,21/03/2017 23:36:51,J1012+5307,2.672785151988384,0.9270733295670593,127.0,189,94.0,94.0,0,1800,1,0,1,0,Completed: Shortened interval; scintillation of 2.011435171860565
21/03/2017 23:36:51,21/03/2017 23:43:42,B1552-31,4.1682790954169535,-0.5508448196629737,111.0,592,incomplete,300.0,0,1800,1,0,4,0,Aborted: Scintillation too low within first five minutes.
21/03/2017 23:43:42,21/03/2017 23:54:22,J1638-42,4.356850867343011,-0.7423661010621658,13.0,890,627.0,627.0,0,180,1,0,3,0,Completed incrementally checking scint every 180 seconds.
21/03/2017 23:54:22,21/03/2017 23:56:26,J1619-42,4.2721296765691195,-0.7336200622549498,4.0,192,120.0,120.0,0,180,1,0,1,0,Completed: Shortened interval; scintillation of 1.606107623463675
21/03/2017 23:56:26,22/03/2017 00:06:42,J1659-4316,4.450326338756698,-0.7551167008753467,5.0,318,611.0,611.0,0,60,1,0,3,0,Completed incrementally checking scint every 60 seconds.
22/03/2017 00:06:42,22/03/2017 00:29:17,B1727-47,4.588914426177464,-0.8329362780104352,5.0,1238,1350.0,1350.0,0,20,1,0,3,0,Completed incrementally checking scint every 20 seconds.
22/03/2017 00:29:17,22/03/2017 00:47:53,J1714-3810,4.512093540984777,-0.6659841904170395,11.0,881,1105.0,1105.0,0,20,1,0,3,0,Completed incrementally checking scint every 20 seconds.
22/03/2017 00:47:53,22/03/2017 00:49:19,J1709-3626,4.493142901410727,-0.6358641708507474,4.0,153,82.0,82.0,0,600,1,0,1,0,Completed: Shortened interval; scintillation of 1.8572539147337368
22/03/2017 00:49:19,22/03/2017 00:57:56,B1552-31,4.1682790954169535,-0.5508448196629737,13.0,592,804.0,504.0,0,1800,2,0,1,0,Completed: Shortened interval; scintillation of 1.1743064138191701
22/03/2017 00:57:56,22/03/2017 01:10:38,J1701-3006E,4.455918184602751,-0.525116775715221,11.0,751,751.0,751.0,0,1800,1,0,2,0,Completed: Nominal time; scintillation good.
22/03/2017 01:10:38,22/03/2017 01:14:59,J1700-3919,4.452209112687287,-0.6862051872797011,7.0,189,254.0,254.0,0,20,1,0,3,0,Completed incrementally checking scint every 20 seconds.
22/03/2017 01:14:59,22/03/2017 01:18:19,J1635-4513,4.345535316025915,-0.7890488104162031,7.0,193,193.0,193.0,0,1800,1,0,2,0,Completed: Nominal time; scintillation good.
22/03/2017 01:18:19,22/03/2017 01:20:41,J1737-3102,4.61448546321459,-0.5416314204671681,17.0,182,125.0,125.0,0,180,1,0,1,0,Completed: Shortened interval; scintillation of 1.4509476800516732
22/03/2017 01:20:41,22/03/2017 01:20:51,B1736-31,4.62252663141084,-0.5499954260936698,0.0,1244,incomplete,10.0,0,60,1,0,3,2,Aborted: Checked scintillation repeatedly; interrupted by satellite GPS BIIRM-2 (PRN 31)
22/03/2017 01:20:51,22/03/2017 01:25:44,J1743-35,4.638648819487928,-0.6201736608753184,3.0,1874,incomplete,290.0,0,20,1,0,3,2,Aborted: Checked scintillation repeatedly; interrupted by satellite IRIDIUM 96 [+]
22/03/2017 01:25:44,22/03/2017 01:34:39,J1724-35,4.558436395948356,-0.6251187604226358,3.0,481,532.0,532.0,0,60,1,0,3,0,Completed incrementally checking scint every 60 seconds.
22/03/2017 01:34:39,22/03/2017 01:57:57,B0538-75,1.4683156836614413,-1.3212302426111842,68.0,1410,1330.0,1330.0,0,600,1,0,3,0,Completed incrementally checking scint every 600 seconds.
22/03/2017 01:57:57,22/03/2017 01:59:50,J1759-2549,4.710579655726789,-0.4505518982655251,75.0,72,38.0,38.0,0,60,1,0,1,0,Completed: Shortened interval; scintillation of 1.9018942572634205
22/03/2017 01:59:50,22/03/2017 02:02:34,J1803-30,4.7279587717535225,-0.5241708557420082,3.0,234,161.0,161.0,0,5400,1,0,1,0,Completed: Shortened interval; scintillation of 1.4492372350235152
22/03/2017 02:02:34,22/03/2017 02:45:23,B1736-31,4.62252663141084,-0.5499954260936698,5.0,1244,2574.0,2564.0,0,60,2,0,3,0,Completed incrementally checking scint every 60 seconds.
22/03/2017 02:45:23,22/03/2017 02:49:16,J1759-2307,4.710276041158995,-0.4033795270935672,9.0,510,224.0,224.0,0,1800,1,0,1,0,Completed: Shortened interval; scintillation of 2.2732355286718313
22/03/2017 02:49:16,22/03/2017 02:58:04,B1756-22,4.709782396596684,-0.38526688796731495,1.0,658,527.0,527.0,0,180,1,0,3,0,Completed incrementally checking scint every 180 seconds.
22/03/2017 02:58:04,22/03/2017 03:24:51,B1757-23,4.71238898038469,-0.4139339209313218,2.0,1244,1605.0,1605.0,0,20,1,0,3,0,Completed incrementally checking scint every 20 seconds.
22/03/2017 03:24:51,22/03/2017 03:31:47,J1824-2452F,4.8194947460359305,-0.43395090819697235,1.0,415,415.0,415.0,0,5400,1,0,2,0,Completed: Nominal time; scintillation good.
22/03/2017 03:31:47,22/03/2017 03:36:53,J1845-1351,4.909574824833966,-0.24146387794500995,8.0,298,298.0,298.0,0,5400,1,0,2,0,Completed: Nominal time; scintillation good.
22/03/2017 03:36:53,22/03/2017 03:38:44,J1840-0559,4.888607602753342,-0.1043503270946543,7.0,305,104.0,104.0,0,5400,1,0,1,0,Completed: Shortened interval; scintillation of 2.9406859692716765
22/03/2017 03:38:44,22/03/2017 03:42:00,J1839-0627,4.884046475641462,-0.11240890010205702,0.0,196,196.0,196.0,0,5400,1,0,2,0,Completed: Nominal time; scintillation good.
22/03/2017 03:42:00,22/03/2017 03:45:58,B1839-04,4.8975740136193044,-0.06923236328980396,2.0,196,236.0,236.0,0,20,1,0,3,0,Completed incrementally checking scint every 20 seconds.
22/03/2017 03:45:58,22/03/2017 03:47:50,J1840-0840,4.8906961800915605,-0.15112127253865346,3.0,192,109.0,109.0,0,180,1,0,1,0,Completed: Shortened interval; scintillation of 1.7662672276661402
22/03/2017 03:47:50,22/03/2017 03:50:59,B1846-06,4.926659780159685,-0.11544916669629493,2.0,153,187.0,187.0,0,20,1,0,3,0,Completed incrementally checking scint every 20 seconds.
22/03/2017 03:50:59,22/03/2017 03:56:31,B1639+36A,4.370659330608373,0.6362473675842965,52.0,280,280.0,280.0,0,600,1,0,2,0,Completed: Nominal time; scintillation good.
22/03/2017 03:56:31,22/03/2017 04:00:59,J1741+1351,4.631750795773232,0.2419420501150206,25.0,263,243.0,243.0,0,20,1,0,3,0,Completed incrementally checking scint every 20 seconds.
22/03/2017 04:00:59,22/03/2017 04:08:43,J1843-0000,4.902045328996756,1.982887955738002E-4,19.0,892,445.0,445.0,0,600,1,0,3,0,Completed incrementally checking scint every 600 seconds.
22/03/2017 04:08:43,22/03/2017 04:13:43,J1852+0040,4.942086672696012,0.01173152145548855,0.0,366,incomplete,300.0,0,1800,1,0,4,0,Aborted: Scintillation too low within first five minutes.
22/03/2017 04:13:43,22/03/2017 04:35:35,B1842-04,4.911262630942696,-0.07955889469743707,5.0,1244,1307.0,1307.0,0,20,1,0,3,0,Completed incrementally checking scint every 20 seconds.
22/03/2017 04:35:35,22/03/2017 04:39:11,J1855+0700,4.953660387298299,0.1223529135152947,11.0,529,205.0,205.0,0,600,1,0,1,0,Completed: Shortened interval; scintillation of 2.5768214249708086
22/03/2017 04:39:11,22/03/2017 04:44:37,B1854+00,4.961156576435615,0.016662076592372534,4.0,400,322.0,322.0,0,20,1,0,3,0,Completed incrementally checking scint every 20 seconds.
22/03/2017 04:44:37,22/03/2017 04:49:37,J1906+0055,5.000368306963755,0.015998851476614687,0.0,257,incomplete,300.0,0,1800,1,0,4,0,Aborted: Scintillation too low within first five minutes.
22/03/2017 04:49:37,22/03/2017 05:01:48,J1910+1027,5.017821599483698,0.18238690683340741,8.0,532,723.0,723.0,0,180,1,0,3,0,Completed incrementally checking scint every 180 seconds.
22/03/2017 05:01:48,22/03/2017 05:09:03,J1913+1145,5.034102612522718,0.205236660437781,2.0,792,433.0,433.0,0,1800,1,0,1,0,Completed: Shortened interval; scintillation of 1.8274084349310633
22/03/2017 05:09:03,22/03/2017 05:23:17,J1852+0033,4.9426706307749075,0.009700636945320706,12.0,842,842.0,842.0,0,5400,1,0,2,0,Completed: Nominal time; scintillation good.
22/03/2017 05:23:17,22/03/2017 05:24:32,J1911+09,5.022184922613683,0.15707963267948966,6.0,69,69.0,69.0,0,600,1,0,2,0,Completed: Nominal time; scintillation good.
22/03/2017 05:24:32,22/03/2017 05:29:39,J1911+1758,5.026212997083182,0.31379948512622785,7.0,549,incomplete,300.0,0,600,1,0,4,0,Aborted: Scintillation too low within first five minutes.
22/03/2017 05:29:39,22/03/2017 05:38:56,J1853+1303,4.9478134198396075,0.22797907435390216,7.0,644,550.0,550.0,0,600,1,0,1,0,Completed: Shortened interval; scintillation of 1.1704360086198022
22/03/2017 05:38:56,22/03/2017 05:47:29,B1914+09,5.046353696679909,0.1720408859157937,4.0,475,509.0,509.0,0,60,1,0,3,0,Completed incrementally checking scint every 60 seconds.
22/03/2017 05:47:29,22/03/2017 05:52:49,B1929+10,5.114829159154492,0.19185250610612622,2.0,318,318.0,318.0,0,600,1,0,2,0,Completed: Nominal time; scintillation good.
22/03/2017 05:52:49,22/03/2017 05:53:39,J1909+1859,5.014811197412215,0.33137373865960806,10.0,280,incomplete,40.0,0,5400,1,0,1,2,Aborted: High scintillation; interrupted by satellite IRIDIUM 77 [+]
22/03/2017 05:53:39,22/03/2017 06:09:09,J1905+0616,4.996503057169056,0.1094549303430566,9.0,1410,921.0,921.0,0,1800,1,0,1,0,Completed: Shortened interval; scintillation of 1.53128275795278
22/03/2017 06:09:09,22/03/2017 06:12:58,B1924+16,5.090930678411758,0.2933742362597151,7.0,311,222.0,222.0,0,5400,1,0,1,0,Completed: Shortened interval; scintillation of 1.4017073569954628
22/03/2017 06:12:58,22/03/2017 06:22:52,B1633+24,4.343381361562797,0.4243443251057869,39.0,825,555.0,555.0,0,600,1,0,3,0,Completed incrementally checking scint every 600 seconds.
22/03/2017 06:22:52,22/03/2017 06:31:11,J1925+19,5.085162219789812,0.3327761107135855,35.0,570,464.0,464.0,0,180,1,0,3,0,Completed incrementally checking scint every 180 seconds.
22/03/2017 06:31:11,22/03/2017 06:41:01,B1953+29,5.216198317715415,0.5086832708353853,10.0,455,580.0,580.0,0,60,1,0,3,0,Completed incrementally checking scint every 60 seconds.
22/03/2017 06:41:01,22/03/2017 06:45:47,J1934+19,5.122541354603357,0.33161255787892263,12.0,354,574.0,274.0,0,600,2,0,1,0,Completed: Shortened interval; scintillation of 1.29315882359521
22/03/2017 06:45:47,22/03/2017 06:48:16,J1909+1859,5.014811197412215,0.33137373865960806,5.0,280,184.0,144.0,0,5400,2,0,1,0,Completed: Shortened interval; scintillation of 1.1704381922109257
22/03/2017 06:48:16,22/03/2017 06:52:37,J1852+0040,4.942086672696012,0.01173152145548855,16.0,366,545.0,245.0,0,1800,2,0,1,0,Completed: Shortened interval; scintillation of 1.4943606983587032
22/03/2017 06:52:37,22/03/2017 06:58:16,J2033+1734,5.381978526526395,0.30688045697999955,29.0,1643,incomplete,310.0,0,5400,1,0,2,2,Aborted: Normal scintillation; interrupted by satellite IRIDIUM 63 [-]
22/03/2017 06:58:16,22/03/2017 07:03:01,J2007+0910,5.27075639456212,0.16005120117511434,11.0,570,274.0,274.0,0,5400,1,0,1,0,Completed: Shortened interval; scintillation of 2.078842056457747
22/03/2017 07:03:01,22/03/2017 07:08:10,J2033+1734,5.381978526526395,0.30688045697999955,9.0,1643,incomplete,300.0,0,5400,2,0,4,0,Aborted: Scintillation too low within first five minutes.
22/03/2017 07:08:10,22/03/2017 07:10:59,B2028+22,5.3698287660044866,0.3922231401079789,5.0,179,464.0,164.0,0,180,2,0,1,0,Completed: Shortened interval; scintillation of 1.0901761590008658
22/03/2017 07:10:59,22/03/2017 07:34:30,J1944+0907,5.166853006291774,0.15922764478131782,17.0,1728,1394.0,1394.0,0,5400,1,0,1,0,Completed: Shortened interval; scintillation of 1.2395583107260775
22/03/2017 07:34:30,22/03/2017 07:39:27,J2006+3102,5.262967637336735,0.5416483889460069,16.0,298,581.0,281.0,0,600,2,0,1,0,Completed: Shortened interval; scintillation of 1.0609662235769273
22/03/2017 07:39:27,22/03/2017 07:59:27,J2050+13,5.454153912482279,0.22718369096792856,19.0,1181,1181.0,1181.0,0,1800,1,0,2,0,Completed: Nominal time; scintillation good.
22/03/2017 07:59:27,22/03/2017 08:01:03,J2021+4026,5.329798476057163,0.7059134451932209,27.0,69,69.0,69.0,0,5400,1,0,2,0,Completed: Nominal time; scintillation good.
22/03/2017 08:01:03,22/03/2017 08:34:01,B1913+105,5.044853840715002,0.1835184619651171,32.0,1703,1946.0,1946.0,0,180,1,0,3,0,Completed incrementally checking scint every 180 seconds.
22/03/2017 08:34:01,22/03/2017 08:47:34,J1900-09,4.975206476914169,-0.16519056556445222,23.0,1436,790.0,790.0,0,5400,1,0,1,0,Completed: Shortened interval; scintillation of 1.8176902228162743
22/03/2017 08:47:34,22/03/2017 08:50:04,J1844-0302,4.904878289260954,-0.05288735484487706,17.0,192,133.0,133.0,0,5400,1,0,1,0,Completed: Shortened interval; scintillation of 1.4441843543430863
22/03/2017 08:50:04,22/03/2017 09:24:54,J1248-6344,3.3544035581675486,-1.112309967824333,181.0,1961,1909.0,1909.0,0,60,1,0,3,0,Completed incrementally checking scint every 60 seconds.
22/03/2017 09:24:54,22/03/2017 09:36:36,J2229+2643,5.889823465786239,0.4665739480767808,158.0,769,544.0,544.0,0,1800,1,0,1,0,Completed: Shortened interval; scintillation of 1.4124805174407442
22/03/2017 09:36:36,22/03/2017 10:13:30,J2032+4127,5.376567264080281,0.7235570755643679,30.0,1961,2184.0,2184.0,0,600,1,0,3,0,Completed incrementally checking scint every 600 seconds.
22/03/2017 10:13:30,22/03/2017 10:56:32,J1848-1414,4.9246755589663245,-0.24833611187473761,60.0,1728,2522.0,2522.0,0,600,1,0,3,0,Completed incrementally checking scint every 600 seconds.
22/03/2017 10:56:32,22/03/2017 11:04:40,J1022-5813,2.716030476517059,-1.0159270687650328,148.0,2414,incomplete,340.0,0,180,1,0,3,2,Aborted: Checked scintillation repeatedly; interrupted by satellite IRIDIUM 25 [+]
22/03/2017 11:04:40,22/03/2017 11:25:20,J2033+1734,5.381978526526395,0.30688045697999955,187.0,1643,1663.0,1053.0,0,5400,3,0,1,0,Completed: Shortened interval; scintillation of 1.2662321196532356
22/03/2017 11:25:20,22/03/2017 11:30:38,J2045+0912,5.4357802351257085,0.16071166285288985,8.0,630,490.0,310.0,0,60,2,0,3,0,Completed incrementally checking scint every 60 seconds.
22/03/2017 11:30:38,22/03/2017 11:33:23,B2036+53,5.402023836607295,0.9306134356728255,43.0,570,432.0,122.0,0,5400,2,0,1,0,Completed: Shortened interval; scintillation of 2.129628922188021
22/03/2017 11:33:23,22/03/2017 11:57:06,J2203+50,5.7726765009712455,0.8726646259971648,13.0,1410,1410.0,1410.0,0,1800,1,0,2,0,Completed: Nominal time; scintillation good.
22/03/2017 11:57:06,22/03/2017 12:12:13,B2000+32,5.245036124601745,0.5635392295705138,26.0,881,1181.0,881.0,0,5400,2,0,2,0,Completed: Nominal time; scintillation good.
22/03/2017 12:12:13,22/03/2017 12:37:32,J0030+0451,0.13289433107246756,0.08484099405225774,286.0,1709,1233.0,1233.0,0,600,1,0,3,0,Completed incrementally checking scint every 600 seconds.
22/03/2017 12:37:32,22/03/2017 12:47:03,J1832-28,4.8541969821092295,-0.5012003835310382,158.0,415,413.0,413.0,0,60,1,0,3,0,Completed incrementally checking scint every 60 seconds.
22/03/2017 12:47:03,22/03/2017 13:49:52,B1813-26,4.784776656555258,-0.467782176492158,5.0,3388,3764.0,3764.0,0,20,1,0,3,0,Completed incrementally checking scint every 20 seconds.
22/03/2017 13:49:52,22/03/2017 13:52:11,J1748-2446J,4.660378168675259,-0.432041711920763,19.0,507,incomplete,120.0,0,60,1,0,3,2,Aborted: Checked scintillation repeatedly; interrupted by satellite BEIDOU IGSO 6
22/03/2017 13:52:11,22/03/2017 15:28:50,J1700-4939,4.452230202082415,-0.8664832515630181,29.0,3073,incomplete,5770.0,0,180,1,0,3,2,Aborted: Checked scintillation repeatedly; interrupted by satellite GPS BIIR-8  (PRN 16)
22/03/2017 15:28:50,22/03/2017 15:33:46,J1720-2446,4.539489392476914,-0.43212897838336267,25.0,5293,incomplete,271.0,0,20,1,0,3,1,Aborted: Checked scintillation repeatedly; observed until object set. 
22/03/2017 15:33:46,22/03/2017 15:35:11,J1700-4939,4.452230202082415,-0.8664832515630181,23.0,3073,5832.0,62.0,0,180,2,0,3,0,Completed incrementally checking scint every 180 seconds.
22/03/2017 15:35:11,22/03/2017 15:35:33,J1720-2446,4.539489392476914,-0.43212897838336267,22.0,5293,incomplete,0.0,0,20,2,0,3,1,Aborted: Checked scintillation repeatedly; observed until object set. 
22/03/2017 15:35:33,22/03/2017 15:51:17,J1748-2446E,4.660378168675259,-0.432041711920763,5.0,344,939.0,939.0,0,180,1,0,3,0,Completed incrementally checking scint every 180 seconds.
22/03/2017 15:51:17,22/03/2017 16:12:40,J1525-5605,4.039088224299186,-0.9787757963816089,42.0,2800,3811.0,1241.0,0,60,2,0,3,0,Completed incrementally checking scint every 60 seconds.
22/03/2017 16:12:40,22/03/2017 16:29:09,J1319-6105,3.4882092252716936,-1.065978263575419,19.0,5293,incomplete,970.0,0,60,1,0,3,2,Aborted: Checked scintillation repeatedly; interrupted by satellite IRIDIUM 54 [+]
22/03/2017 23:36:09,23/03/2017 08:00:56,J1600-3053,4.192564730330353,-0.5387765209294614,54.0,3388,4613.0,4613.0,25620,180,1,0,3,0,Completed incrementally checking scint every 180 seconds.
23/03/2017 00:53:56,23/03/2017 01:35:45,J1700-3312,4.4544424796313695,-0.5792238733004015,127.0,2800,3689.0,2382.0,0,20,3,0,3,0,Completed incrementally checking scint every 20 seconds.
23/03/2017 01:35:45,23/03/2017 03:13:08,J1720-2446,4.539489392476914,-0.43212897838336267,9.0,5293,6105.0,5834.0,0,20,3,0,3,0,Completed incrementally checking scint every 20 seconds.
23/03/2017 03:13:08,23/03/2017 03:47:39,J1814-1744,4.776609824652865,-0.3092723434533952,11.0,6023,incomplete,2060.0,0,1800,1,0,3,2,Aborted: Checked scintillation repeatedly; interrupted by satellite IRIDIUM 54 [+]
23/03/2017 03:47:39,23/03/2017 03:51:17,J1748-2446S,4.660378168675259,-0.432041711920763,15.0,204,203.0,203.0,0,5400,1,0,1,0,Completed: Shortened interval; scintillation of 1.007020142801873
